<?xml version="1.0"?>
<opencv_storage>
<classifications type_id="opencv-matrix">
  <rows>36</rows>
  <cols>1</cols>
  <dt>i</dt>
  <data>
    57 56 54 51 50 48 55 53 52 73 49 90 89 88 87 86 85 84 83 81 79 82 80
    78 77 76 75 71 67 74 72 70 69 68 66 65</data></classifications>
</opencv_storage>
