<?xml version="1.0"?>
<opencv_storage>
<classifications type_id="opencv-matrix">
  <rows>68</rows>
  <cols>1</cols>
  <dt>i</dt>
  <data>
    57 56 54 51 50 48 55 53 52 49 90 89 88 87 86 85 84 83 81 79 82 80 78
    77 76 75 71 67 74 73 72 70 69 68 66 65 82 65 85 50 54 65 74 48 48 52
    48 71 85 80 49 68 68 49 72 66 50 49 49 89 67 65 48 48 50 77 49 49</data></classifications>
</opencv_storage>
