<?xml version="1.0"?>
<opencv_storage>
<images type_id="opencv-matrix">
  <rows>12</rows>
  <cols>600</cols>
  <dt>f</dt>
  <data>
    0. 0. 0. 129. 255. 255. 255. 255. 255. 255. 255. 255. 255. 255. 255.
    255. 129. 0. 0. 0. 0. 0. 239. 255. 255. 255. 255. 255. 255. 255.
    255. 255. 255. 255. 255. 255. 255. 255. 0. 0. 0. 222. 255. 255. 14.
    0. 0. 0. 0. 0. 0. 0. 0. 0. 0. 0. 255. 255. 255. 0. 19. 255. 182. 0.
    0. 0. 195. 195. 195. 195. 195. 195. 195. 195. 161. 0. 0. 255. 255.
    19. 255. 255. 0. 0. 120. 255. 255. 255. 255. 255. 255. 255. 255.
    255. 255. 230. 0. 188. 255. 255. 255. 219. 0. 0. 255. 255. 0. 0. 0.
    0. 0. 0. 0. 0. 122. 255. 85. 101. 255. 255. 255. 198. 0. 134. 255.
    0. 0. 0. 0. 0. 0. 0. 0. 0. 0. 255. 255. 69. 230. 255. 255. 198. 0.
    255. 255. 0. 0. 0. 0. 0. 0. 0. 0. 0. 0. 255. 255. 80. 226. 255. 255.
    198. 0. 202. 255. 0. 0. 0. 0. 0. 0. 0. 0. 0. 0. 255. 255. 0. 222.
    255. 255. 197. 0. 210. 255. 0. 0. 0. 0. 0. 0. 0. 0. 0. 0. 255. 255.
    136. 255. 255. 255. 197. 0. 134. 255. 0. 0. 0. 0. 0. 0. 0. 0. 0. 0.
    255. 255. 112. 255. 255. 255. 255. 0. 103. 255. 94. 0. 0. 0. 0. 0.
    0. 0. 0. 10. 255. 226. 122. 255. 255. 255. 255. 0. 0. 241. 255. 255.
    255. 255. 255. 255. 255. 255. 255. 255. 255. 0. 0. 245. 255. 231.
    255. 159. 0. 0. 229. 255. 255. 255. 255. 255. 255. 255. 255. 229. 0.
    0. 0. 198. 255. 0. 255. 255. 125. 0. 0. 0. 0. 0. 0. 0. 0. 0. 0. 0.
    0. 0. 154. 198. 255. 0. 2. 255. 255. 249. 0. 0. 0. 0. 0. 0. 0. 0. 0.
    0. 0. 0. 0. 198. 255. 0. 0. 10. 255. 255. 255. 255. 255. 255. 255.
    255. 255. 255. 255. 255. 255. 120. 0. 255. 255. 0. 0. 0. 0. 29. 42.
    42. 42. 42. 42. 42. 42. 42. 42. 42. 255. 255. 106. 197. 255. 0. 0.
    0. 0. 0. 0. 0. 0. 0. 0. 0. 0. 0. 0. 0. 255. 255. 0. 241. 255. 0. 0.
    0. 0. 0. 0. 0. 0. 0. 0. 0. 0. 0. 0. 0. 255. 255. 140. 238. 255. 0.
    0. 0. 0. 0. 0. 0. 0. 0. 0. 0. 0. 0. 0. 0. 255. 255. 101. 219. 255.
    0. 0. 0. 0. 0. 0. 0. 0. 0. 0. 0. 0. 0. 0. 0. 255. 255. 69. 222. 255.
    0. 0. 0. 0. 128. 0. 0. 0. 0. 0. 0. 0. 0. 0. 0. 255. 255. 80. 255.
    255. 110. 255. 255. 255. 255. 19. 0. 0. 0. 0. 0. 0. 0. 0. 0. 255.
    202. 69. 255. 255. 255. 255. 255. 161. 255. 255. 2. 0. 0. 0. 0. 0.
    0. 2. 255. 255. 85. 136. 255. 255. 255. 255. 0. 0. 120. 255. 255.
    255. 255. 255. 255. 255. 255. 255. 255. 120. 0. 226. 255. 255. 15.
    255. 255. 0. 0. 161. 195. 195. 195. 195. 195. 195. 195. 191. 0. 0.
    0. 255. 255. 15. 0. 222. 255. 255. 14. 0. 0. 0. 0. 0. 0. 0. 0. 0. 0.
    42. 143. 255. 222. 0. 0. 0. 239. 255. 255. 255. 255. 255. 255. 255.
    255. 255. 255. 255. 255. 255. 255. 239. 0. 0. 0. 0. 0. 0. 247. 255.
    255. 255. 255. 255. 255. 255. 255. 255. 255. 247. 0. 0. 0. 0. 0. 0.
    0. 173. 254. 255. 255. 255. 255. 255. 255. 255. 255. 255. 255. 254.
    173. 0. 0. 0. 0. 0. 242. 255. 255. 255. 255. 255. 255. 255. 255.
    255. 255. 255. 255. 255. 255. 242. 0. 0. 0. 225. 255. 255. 0. 0. 0.
    0. 0. 0. 0. 0. 0. 0. 0. 4. 106. 255. 225. 0. 20. 255. 255. 0. 0. 20.
    195. 195. 195. 195. 195. 195. 195. 195. 20. 0. 0. 255. 255. 20. 255.
    255. 38. 0. 161. 255. 255. 255. 255. 255. 255. 255. 255. 255. 255.
    179. 0. 0. 255. 255. 255. 255. 0. 0. 255. 239. 0. 0. 0. 0. 0. 0. 0.
    0. 239. 255. 0. 0. 255. 255. 255. 178. 0. 178. 255. 0. 0. 0. 0. 0.
    0. 0. 0. 0. 0. 255. 178. 0. 255. 255. 255. 179. 0. 179. 255. 0. 0.
    0. 0. 0. 0. 0. 0. 0. 0. 255. 179. 0. 179. 255. 255. 178. 0. 178.
    255. 0. 0. 0. 0. 0. 0. 0. 0. 0. 0. 255. 178. 0. 178. 255. 255. 178.
    0. 178. 255. 0. 0. 0. 0. 0. 0. 0. 0. 0. 0. 255. 178. 0. 178. 255.
    255. 201. 0. 179. 255. 0. 0. 0. 0. 0. 0. 0. 0. 0. 0. 255. 179. 0.
    201. 255. 255. 255. 0. 0. 255. 54. 0. 0. 0. 0. 0. 0. 0. 0. 54. 255.
    0. 0. 255. 255. 217. 255. 127. 0. 251. 255. 255. 255. 255. 255. 255.
    255. 255. 255. 255. 255. 0. 21. 255. 217. 0. 255. 255. 8. 0. 229.
    255. 255. 255. 255. 255. 255. 255. 255. 229. 0. 8. 255. 255. 0. 0.
    0. 255. 76. 0. 0. 0. 0. 0. 0. 0. 0. 0. 0. 0. 0. 76. 255. 0. 0. 0. 0.
    255. 76. 0. 0. 0. 0. 0. 0. 0. 0. 0. 0. 0. 0. 82. 255. 0. 0. 23. 255.
    255. 0. 0. 232. 255. 255. 255. 255. 255. 255. 255. 255. 255. 0. 0.
    255. 255. 23. 255. 255. 21. 0. 251. 255. 191. 42. 42. 42. 42. 42.
    42. 191. 255. 251. 0. 21. 255. 255. 255. 255. 0. 137. 255. 54. 0. 0.
    0. 0. 0. 0. 0. 0. 0. 255. 42. 0. 255. 255. 255. 201. 0. 179. 255. 0.
    0. 0. 0. 0. 0. 0. 0. 0. 0. 255. 179. 0. 179. 255. 255. 178. 0. 178.
    255. 0. 0. 0. 0. 0. 0. 0. 0. 0. 0. 255. 178. 0. 178. 255. 255. 178.
    0. 178. 255. 0. 0. 0. 0. 0. 0. 0. 0. 0. 0. 255. 178. 0. 178. 255.
    255. 217. 0. 179. 255. 0. 0. 0. 0. 0. 0. 0. 0. 0. 0. 255. 179. 0.
    179. 255. 255. 255. 0. 178. 255. 0. 0. 0. 0. 0. 0. 0. 0. 0. 0. 255.
    178. 0. 211. 255. 255. 255. 0. 0. 255. 239. 0. 0. 0. 0. 0. 0. 0. 65.
    239. 255. 0. 0. 255. 255. 186. 255. 38. 0. 161. 255. 255. 255. 255.
    255. 255. 255. 255. 255. 255. 161. 0. 38. 255. 255. 20. 255. 255. 0.
    0. 0. 195. 195. 195. 195. 195. 213. 195. 195. 0. 0. 0. 255. 255. 20.
    0. 76. 255. 255. 64. 0. 0. 0. 0. 0. 0. 0. 0. 0. 0. 64. 255. 255.
    225. 0. 0. 0. 229. 255. 255. 255. 255. 255. 255. 255. 255. 255. 255.
    255. 255. 255. 255. 229. 0. 0. 0. 0. 0. 0. 247. 255. 255. 255. 255.
    255. 255. 255. 255. 255. 255. 247. 0. 0. 0. 0. 0. 0. 0. 173. 254.
    255. 255. 255. 255. 255. 255. 255. 255. 255. 255. 255. 173. 0. 0. 0.
    0. 0. 242. 255. 255. 255. 255. 255. 255. 255. 255. 255. 255. 255.
    255. 255. 255. 242. 0. 0. 0. 225. 255. 255. 4. 0. 0. 0. 0. 0. 0. 0.
    0. 0. 0. 0. 255. 255. 225. 0. 20. 255. 255. 0. 0. 0. 195. 195. 195.
    195. 195. 195. 195. 195. 20. 0. 0. 157. 255. 20. 255. 255. 38. 0.
    161. 255. 255. 255. 255. 255. 255. 255. 255. 255. 255. 161. 0. 0.
    255. 255. 255. 255. 0. 0. 255. 239. 0. 0. 0. 0. 0. 0. 0. 0. 239.
    255. 255. 255. 255. 255. 255. 255. 0. 101. 255. 0. 0. 0. 0. 0. 0. 0.
    0. 0. 0. 255. 255. 255. 110. 110. 255. 255. 0. 179. 255. 0. 0. 0. 0.
    0. 0. 0. 0. 0. 0. 128. 0. 0. 0. 0. 255. 255. 0. 178. 255. 0. 0. 0.
    0. 0. 0. 0. 0. 0. 0. 0. 0. 0. 0. 0. 255. 255. 0. 178. 255. 0. 0. 0.
    0. 0. 0. 0. 0. 0. 0. 0. 0. 0. 0. 0. 255. 255. 0. 179. 255. 0. 0. 0.
    0. 0. 0. 0. 0. 0. 0. 0. 0. 0. 0. 0. 255. 255. 0. 178. 255. 0. 0. 0.
    0. 0. 0. 0. 0. 0. 0. 0. 0. 0. 0. 0. 255. 255. 0. 149. 255. 255. 255.
    255. 255. 255. 255. 255. 255. 255. 255. 42. 0. 0. 0. 0. 255. 255. 0.
    0. 206. 255. 255. 255. 255. 255. 255. 255. 255. 255. 255. 255. 255.
    26. 0. 0. 255. 255. 0. 0. 0. 0. 0. 0. 0. 0. 0. 0. 0. 0. 0. 247. 255.
    255. 82. 0. 255. 255. 0. 0. 0. 0. 0. 0. 0. 0. 0. 0. 0. 0. 0. 0. 175.
    255. 255. 0. 255. 255. 0. 0. 0. 255. 255. 255. 255. 255. 255. 255.
    255. 255. 255. 0. 0. 127. 255. 232. 255. 255. 0. 0. 251. 255. 191.
    42. 42. 42. 42. 42. 42. 191. 255. 251. 0. 0. 255. 255. 255. 255. 0.
    0. 255. 54. 0. 0. 0. 0. 0. 0. 0. 0. 0. 255. 178. 0. 196. 255. 255.
    255. 0. 179. 255. 0. 0. 0. 0. 0. 0. 0. 0. 0. 0. 255. 179. 0. 179.
    255. 255. 255. 0. 178. 255. 0. 0. 0. 0. 0. 0. 0. 0. 0. 0. 255. 255.
    0. 178. 255. 255. 255. 0. 178. 255. 0. 0. 0. 0. 0. 0. 0. 0. 0. 0.
    255. 255. 0. 178. 255. 255. 255. 0. 179. 255. 0. 0. 0. 0. 0. 0. 0.
    0. 0. 0. 255. 179. 0. 179. 255. 255. 255. 0. 178. 255. 0. 0. 0. 0.
    0. 0. 0. 0. 0. 0. 255. 178. 0. 178. 255. 255. 255. 0. 0. 255. 239.
    65. 0. 0. 0. 0. 0. 0. 0. 239. 255. 0. 0. 255. 255. 186. 255. 127. 0.
    161. 255. 255. 255. 255. 255. 255. 255. 255. 255. 255. 161. 0. 38.
    255. 255. 0. 255. 255. 0. 0. 0. 195. 225. 195. 195. 195. 195. 195.
    59. 20. 0. 0. 255. 255. 20. 0. 76. 255. 255. 42. 0. 0. 0. 0. 0. 0.
    0. 0. 0. 0. 4. 255. 255. 225. 0. 0. 0. 229. 255. 255. 255. 255. 255.
    255. 255. 255. 255. 255. 255. 255. 255. 255. 229. 0. 0. 0. 0. 0. 0.
    247. 255. 255. 255. 255. 255. 255. 255. 255. 255. 255. 247. 0. 0. 0.
    0. 0. 0. 0. 173. 255. 255. 255. 255. 255. 255. 255. 255. 255. 255.
    255. 254. 173. 0. 0. 0. 0. 0. 242. 255. 255. 255. 255. 255. 255.
    255. 255. 255. 255. 255. 255. 255. 255. 242. 0. 0. 0. 225. 255. 255.
