<?xml version="1.0"?>
<opencv_storage>
<images type_id="opencv-matrix">
  <rows>7</rows>
  <cols>600</cols>
  <dt>f</dt>
  <data>
    255. 251. 251. 251. 255. 0. 0. 0. 0. 0. 0. 0. 0. 0. 0. 255. 251.
    251. 251. 255. 255. 255. 255. 255. 255. 0. 0. 0. 0. 0. 0. 0. 0. 0.
    0. 255. 255. 255. 255. 255. 255. 255. 0. 223. 255. 0. 0. 0. 0. 0. 0.
    0. 0. 0. 0. 255. 223. 0. 255. 255. 255. 255. 0. 197. 255. 0. 0. 0.
    0. 0. 0. 0. 0. 0. 0. 255. 26. 0. 255. 255. 255. 255. 0. 0. 255. 0.
    0. 0. 0. 0. 0. 0. 0. 0. 0. 255. 33. 0. 255. 255. 73. 255. 0. 0. 255.
    0. 0. 0. 0. 96. 226. 0. 0. 0. 0. 255. 0. 0. 255. 255. 32. 255. 0. 0.
    255. 0. 0. 0. 0. 255. 255. 0. 0. 0. 0. 255. 0. 0. 255. 80. 32. 255.
    0. 0. 255. 159. 0. 0. 0. 255. 255. 0. 0. 0. 0. 255. 0. 0. 255. 32.
    32. 255. 0. 0. 255. 159. 0. 0. 32. 255. 255. 32. 0. 0. 159. 255. 0.
    0. 255. 32. 32. 255. 65. 0. 255. 159. 0. 0. 255. 255. 255. 255. 0.
    0. 159. 255. 0. 0. 255. 32. 32. 255. 62. 0. 255. 159. 0. 0. 255.
    255. 255. 255. 0. 0. 159. 255. 0. 62. 255. 32. 12. 255. 95. 0. 255.
    159. 0. 0. 255. 61. 61. 255. 0. 0. 159. 255. 0. 59. 255. 32. 0. 255.
    96. 0. 255. 159. 0. 223. 255. 0. 0. 255. 223. 0. 159. 255. 0. 96.
    255. 13. 0. 255. 96. 0. 255. 159. 0. 255. 237. 0. 0. 237. 255. 0.
    159. 255. 0. 96. 255. 0. 0. 255. 95. 0. 255. 159. 0. 255. 108. 0. 0.
    108. 255. 0. 159. 255. 0. 95. 255. 0. 0. 255. 173. 0. 255. 159. 0.
    255. 0. 0. 0. 0. 255. 0. 159. 255. 0. 95. 255. 0. 0. 255. 255. 0.
    154. 202. 202. 255. 0. 0. 43. 0. 255. 202. 202. 154. 0. 167. 255. 0.
    0. 255. 255. 0. 0. 189. 255. 19. 125. 255. 255. 125. 0. 255. 255. 0.
    0. 255. 255. 0. 0. 255. 255. 0. 0. 0. 0. 0. 255. 159. 98. 255. 0. 0.
    0. 0. 0. 255. 255. 0. 0. 255. 255. 0. 0. 0. 0. 0. 255. 0. 0. 255. 0.
    0. 0. 0. 0. 255. 255. 0. 0. 255. 255. 0. 0. 0. 0. 223. 255. 0. 0.
    255. 233. 0. 0. 0. 0. 255. 255. 0. 0. 255. 255. 0. 0. 0. 0. 255.
    246. 0. 0. 223. 255. 0. 0. 0. 0. 255. 255. 0. 0. 255. 255. 0. 0. 0.
    40. 255. 167. 0. 0. 0. 255. 40. 0. 0. 0. 255. 255. 0. 0. 95. 255. 0.
    0. 0. 159. 255. 0. 0. 0. 0. 255. 255. 0. 0. 0. 255. 255. 0. 0. 96.
    255. 0. 0. 0. 255. 255. 0. 0. 0. 0. 255. 255. 0. 0. 0. 255. 226. 0.
    0. 96. 255. 0. 0. 14. 255. 222. 0. 0. 0. 0. 32. 255. 14. 0. 0. 255.
    96. 0. 0. 95. 255. 0. 0. 255. 255. 28. 0. 0. 0. 0. 0. 255. 114. 0.
    32. 255. 95. 0. 0. 95. 255. 32. 0. 255. 255. 0. 0. 0. 0. 0. 0. 255.
    255. 0. 0. 255. 95. 0. 0. 96. 255. 255. 255. 255. 96. 0. 0. 0. 0. 0.
    0. 96. 255. 255. 255. 255. 96. 0. 0. 96. 255. 255. 255. 255. 94. 0.
    0. 0. 0. 0. 0. 94. 255. 255. 255. 255. 96. 0. 255. 251. 251. 251.
    255. 0. 0. 0. 0. 0. 0. 0. 0. 0. 0. 255. 251. 251. 251. 255. 255.
    255. 255. 255. 255. 229. 0. 0. 0. 0. 0. 0. 0. 0. 229. 255. 255. 255.
    255. 255. 25. 255. 127. 0. 255. 229. 0. 0. 0. 0. 0. 0. 0. 0. 229.
    255. 0. 11. 255. 25. 3. 255. 127. 0. 232. 255. 0. 0. 0. 0. 0. 0. 0.
    0. 255. 255. 0. 127. 255. 3. 0. 255. 255. 0. 229. 255. 0. 0. 0. 0.
    0. 0. 0. 0. 255. 229. 0. 255. 255. 0. 0. 255. 255. 0. 0. 255. 0. 0.
    0. 0. 0. 0. 0. 0. 255. 0. 0. 255. 255. 0. 0. 76. 255. 60. 0. 255.
    178. 0. 0. 0. 0. 0. 0. 178. 255. 0. 60. 255. 76. 0. 0. 0. 255. 76.
    0. 255. 255. 0. 0. 0. 0. 0. 0. 255. 255. 0. 76. 255. 0. 0. 0. 0.
    255. 255. 0. 255. 255. 0. 0. 0. 0. 0. 0. 255. 255. 0. 255. 255. 0.
    0. 0. 0. 255. 255. 0. 98. 255. 0. 0. 0. 0. 0. 0. 255. 98. 0. 255.
    255. 0. 0. 0. 0. 127. 255. 17. 0. 255. 127. 0. 0. 0. 0. 127. 255.
    25. 17. 255. 127. 0. 0. 0. 0. 0. 255. 255. 0. 255. 206. 0. 0. 0. 0.
    206. 255. 0. 167. 255. 0. 0. 0. 0. 0. 0. 255. 255. 0. 255. 255. 0.
    0. 0. 0. 255. 255. 0. 255. 255. 0. 0. 0. 0. 0. 0. 213. 255. 0. 157.
    255. 0. 0. 0. 0. 255. 157. 0. 255. 213. 0. 0. 0. 0. 0. 0. 178. 255.
    0. 37. 255. 76. 0. 0. 76. 255. 76. 0. 255. 178. 0. 0. 0. 0. 0. 0. 0.
    255. 111. 0. 255. 163. 0. 0. 76. 255. 0. 111. 255. 0. 0. 0. 0. 0. 0.
    0. 0. 255. 229. 0. 255. 255. 0. 0. 255. 255. 0. 229. 255. 0. 0. 0.
    0. 0. 0. 0. 0. 229. 255. 0. 202. 255. 0. 0. 255. 202. 0. 255. 244.
    0. 0. 0. 0. 0. 0. 0. 0. 142. 255. 0. 127. 255. 10. 10. 255. 206. 0.
    255. 142. 0. 0. 0. 0. 0. 0. 0. 0. 0. 255. 63. 0. 255. 25. 25. 255.
    0. 179. 255. 0. 0. 0. 0. 0. 0. 0. 0. 0. 0. 255. 255. 0. 255. 98. 98.
    255. 0. 203. 255. 0. 0. 0. 0. 0. 0. 0. 0. 0. 0. 255. 255. 0. 178.
    255. 255. 178. 0. 255. 255. 0. 0. 0. 0. 0. 0. 0. 0. 0. 0. 198. 255.
    0. 0. 0. 0. 0. 0. 255. 198. 0. 0. 0. 0. 0. 0. 0. 0. 0. 0. 20. 255.
    127. 0. 0. 0. 0. 127. 255. 25. 0. 0. 0. 0. 0. 0. 0. 0. 0. 0. 0. 255.
    255. 0. 0. 0. 0. 255. 255. 0. 0. 0. 0. 0. 0. 0. 0. 0. 0. 0. 0. 255.
    255. 0. 0. 0. 0. 255. 255. 0. 0. 0. 0. 0. 0. 0. 0. 0. 0. 0. 0. 76.
    255. 9. 0. 0. 0. 255. 76. 0. 0. 0. 0. 0. 0. 0. 0. 0. 0. 0. 0. 70.
    255. 76. 0. 0. 76. 255. 70. 0. 0. 0. 0. 0. 0. 0. 0. 0. 0. 0. 0. 0.
    255. 255. 255. 255. 255. 255. 0. 0. 0. 0. 0. 0. 0. 0. 0. 0. 0. 0. 0.
    0. 255. 255. 255. 255. 255. 255. 0. 0. 0. 0. 0. 0. 0. 0. 0. 0. 136.
    255. 255. 255. 255. 255. 255. 255. 255. 255. 255. 255. 255. 136. 0.
    0. 0. 0. 3. 255. 255. 255. 242. 242. 242. 242. 242. 242. 242. 242.
    242. 253. 255. 255. 255. 3. 0. 0. 255. 255. 234. 0. 0. 0. 0. 0. 0.
    0. 0. 0. 0. 0. 0. 244. 255. 255. 0. 47. 255. 159. 0. 0. 30. 255.
    255. 255. 255. 255. 255. 255. 255. 30. 0. 0. 141. 255. 47. 255. 255.
    0. 0. 255. 255. 255. 255. 255. 255. 255. 255. 255. 255. 255. 255. 0.
    0. 255. 255. 255. 197. 0. 134. 255. 44. 0. 0. 0. 0. 0. 0. 0. 0. 44.
    255. 25. 0. 197. 255. 255. 198. 0. 255. 255. 0. 0. 0. 0. 0. 0. 0. 0.
    0. 0. 255. 160. 0. 198. 255. 255. 197. 0. 255. 255. 0. 0. 0. 0. 0.
    0. 0. 0. 0. 0. 255. 255. 0. 197. 255. 255. 197. 0. 255. 255. 0. 0.
    0. 0. 0. 0. 0. 0. 0. 0. 255. 255. 0. 197. 255. 255. 197. 0. 255.
    255. 0. 0. 0. 0. 0. 0. 0. 0. 0. 0. 255. 255. 0. 197. 255. 255. 197.
    0. 255. 255. 0. 0. 0. 0. 0. 0. 0. 0. 0. 0. 255. 255. 0. 197. 255.
    255. 197. 0. 255. 255. 0. 0. 0. 0. 0. 0. 0. 0. 0. 0. 255. 255. 0.
    197. 255. 255. 198. 0. 255. 255. 0. 0. 0. 0. 0. 0. 0. 0. 0. 0. 255.
    255. 0. 198. 255. 255. 197. 0. 255. 255. 0. 0. 0. 0. 0. 0. 0. 0. 0.
    0. 255. 255. 0. 197. 255. 255. 198. 0. 255. 255. 0. 0. 0. 0. 0. 0.
    0. 0. 0. 0. 255. 255. 0. 198. 255. 255. 198. 0. 255. 255. 0. 0. 0.
    0. 0. 0. 0. 0. 0. 0. 255. 255. 0. 198. 255. 255. 197. 0. 255. 255.
    0. 0. 0. 0. 0. 0. 0. 0. 0. 0. 255. 255. 0. 197. 255. 255. 198. 0.
    255. 255. 0. 0. 0. 0. 0. 0. 0. 0. 0. 0. 255. 255. 0. 198. 255. 255.
    197. 0. 255. 255. 0. 0. 0. 0. 0. 0. 0. 0. 0. 0. 255. 255. 0. 197.
    255. 255. 197. 0. 255. 255. 0. 0. 0. 255. 166. 166. 166. 166. 0. 0.
    255. 255. 0. 197. 255. 255. 197. 0. 255. 255. 0. 0. 0. 129. 255.
    255. 255. 255. 253. 0. 255. 255. 0. 197. 255. 255. 197. 0. 255. 255.
    0. 0. 0. 0. 150. 255. 255. 63. 255. 0. 83. 255. 0. 197. 255. 255.
    197. 0. 134. 255. 0. 0. 0. 0. 0. 255. 255. 0. 255. 255. 255. 134. 0.
    197. 255. 255. 242. 0. 29. 255. 209. 0. 0. 0. 0. 0. 255. 32. 0. 10.
    37. 0. 0. 242. 255. 255. 255. 0. 0. 187. 255. 255. 255. 255. 255.
    208. 255. 6. 0. 0. 0. 0. 0. 255. 255. 54. 255. 241. 0. 0. 38. 255.
    255. 255. 255. 255. 38. 0. 0. 0. 0. 0. 159. 255. 54. 0. 255. 255.
    239. 0. 0. 0. 0. 0. 0. 0. 0. 0. 0. 0. 0. 0. 255. 255. 0. 0. 0. 255.
    255. 255. 255. 234. 234. 234. 234. 234. 234. 234. 234. 234. 0. 0.
    255. 57. 0. 0. 0. 0. 13. 255. 255. 255. 255. 255. 255. 255. 255.
    255. 255. 255. 255. 255. 255. 255. 18. 0. 0. 0. 0. 0. 0. 0. 0. 0. 0.
    0. 0. 0. 0. 44. 255. 255. 255. 255. 255. 0. 0. 0. 0. 254. 255. 255.
    255. 255. 255. 255. 255. 255. 255. 255. 255. 173. 0. 0. 0. 0. 0.
    242. 255. 255. 255. 255. 255. 255. 255. 255. 255. 255. 255. 255.
    255. 255. 242. 0. 0. 0. 225. 255. 255. 4. 0. 0. 0. 0. 0. 0. 0. 0. 0.
    0. 0. 255. 255. 225. 0. 0. 255. 255. 0. 0. 0. 195. 195. 195. 195.
    195. 195. 195. 195. 20. 0. 0. 157. 255. 25. 186. 255. 127. 0. 161.
    255. 255. 255. 255. 255. 255. 255. 255. 255. 255. 247. 0. 0. 255.
